0 14 4 10 1 15 5 11 2 8 12 6 9 3 7 13
0 14 4 10 1 15 5 11 8 2 6 12 3 9 13 7
0 14 4 10 15 1 11 5 2 8 12 6 3 9 13 7
0 14 4 10 15 1 11 5 8 2 6 12 9 3 7 13
0 14 10 4 1 15 11 5 2 8 6 12 9 3 13 7
0 14 10 4 1 15 11 5 8 2 12 6 3 9 7 13
0 14 10 4 15 1 5 11 2 8 6 12 3 9 7 13
0 14 10 4 15 1 5 11 8 2 12 6 9 3 13 7
14 0 10 4 15 1 11 5 8 2 6 12 3 9 13 7
14 0 10 4 15 1 11 5 2 8 12 6 9 3 7 13
14 0 10 4 1 15 5 11 8 2 6 12 9 3 7 13
14 0 10 4 1 15 5 11 2 8 12 6 3 9 13 7
14 0 4 10 15 1 5 11 8 2 12 6 3 9 7 13
14 0 4 10 15 1 5 11 2 8 6 12 9 3 13 7
14 0 4 10 1 15 11 5 8 2 12 6 9 3 13 7
14 0 4 10 1 15 11 5 2 8 6 12 3 9 7 13
0 14 4 10 1 15 5 11 12 6 2 8 7 13 9 3
0 14 4 10 1 15 5 11 6 12 8 2 13 7 3 9
0 14 4 10 15 1 11 5 12 6 2 8 13 7 3 9
0 14 4 10 15 1 11 5 6 12 8 2 7 13 9 3
0 14 10 4 1 15 11 5 6 12 2 8 13 7 9 3
0 14 10 4 1 15 11 5 12 6 8 2 7 13 3 9
0 14 10 4 15 1 5 11 6 12 2 8 7 13 3 9
0 14 10 4 15 1 5 11 12 6 8 2 13 7 9 3
14 0 10 4 15 1 11 5 6 12 8 2 13 7 3 9
14 0 10 4 15 1 11 5 12 6 2 8 7 13 9 3
14 0 10 4 1 15 5 11 6 12 8 2 7 13 9 3
14 0 10 4 1 15 5 11 12 6 2 8 13 7 3 9
14 0 4 10 15 1 5 11 12 6 8 2 7 13 3 9
14 0 4 10 15 1 5 11 6 12 2 8 13 7 9 3
14 0 4 10 1 15 11 5 12 6 8 2 13 7 9 3
14 0 4 10 1 15 11 5 6 12 2 8 7 13 3 9
0 14 4 10 5 11 1 15 2 8 12 6 7 13 9 3
0 14 4 10 5 11 1 15 8 2 6 12 13 7 3 9
0 14 4 10 11 5 15 1 2 8 12 6 13 7 3 9
0 14 4 10 11 5 15 1 8 2 6 12 7 13 9 3
0 14 10 4 11 5 1 15 2 8 6 12 13 7 9 3
0 14 10 4 11 5 1 15 8 2 12 6 7 13 3 9
0 14 10 4 5 11 15 1 2 8 6 12 7 13 3 9
0 14 10 4 5 11 15 1 8 2 12 6 13 7 9 3
14 0 10 4 11 5 15 1 8 2 6 12 13 7 3 9
14 0 10 4 11 5 15 1 2 8 12 6 7 13 9 3
14 0 10 4 5 11 1 15 8 2 6 12 7 13 9 3
14 0 10 4 5 11 1 15 2 8 12 6 13 7 3 9
14 0 4 10 5 11 15 1 8 2 12 6 7 13 3 9
14 0 4 10 5 11 15 1 2 8 6 12 13 7 9 3
14 0 4 10 11 5 1 15 8 2 12 6 13 7 9 3
14 0 4 10 11 5 1 15 2 8 6 12 7 13 3 9
0 14 4 10 5 11 1 15 12 6 2 8 9 3 7 13
0 14 4 10 5 11 1 15 6 12 8 2 3 9 13 7
0 14 4 10 11 5 15 1 12 6 2 8 3 9 13 7
0 14 4 10 11 5 15 1 6 12 8 2 9 3 7 13
0 14 10 4 11 5 1 15 6 12 2 8 9 3 13 7
0 14 10 4 11 5 1 15 12 6 8 2 3 9 7 13
0 14 10 4 5 11 15 1 6 12 2 8 3 9 7 13
0 14 10 4 5 11 15 1 12 6 8 2 9 3 13 7
14 0 10 4 11 5 15 1 6 12 8 2 3 9 13 7
14 0 10 4 11 5 15 1 12 6 2 8 9 3 7 13
14 0 10 4 5 11 1 15 6 12 8 2 9 3 7 13
14 0 10 4 5 11 1 15 12 6 2 8 3 9 13 7
14 0 4 10 5 11 15 1 12 6 8 2 3 9 7 13
14 0 4 10 5 11 15 1 6 12 2 8 9 3 13 7
14 0 4 10 11 5 1 15 12 6 8 2 9 3 13 7
14 0 4 10 11 5 1 15 6 12 2 8 3 9 7 13
0 14 10 4 1 15 11 5 2 6 8 12 7 3 13 9
0 14 10 4 1 15 11 5 6 2 12 8 3 7 9 13
0 14 10 4 15 1 5 11 2 6 8 12 3 7 9 13
0 14 10 4 15 1 5 11 6 2 12 8 7 3 13 9
0 14 4 10 1 15 5 11 2 6 12 8 7 3 9 13
0 14 4 10 1 15 5 11 6 2 8 12 3 7 13 9
0 14 4 10 15 1 11 5 2 6 12 8 3 7 13 9
0 14 4 10 15 1 11 5 6 2 8 12 7 3 9 13
14 0 4 10 15 1 5 11 6 2 12 8 3 7 9 13
14 0 4 10 15 1 5 11 2 6 8 12 7 3 13 9
14 0 4 10 1 15 11 5 6 2 12 8 7 3 13 9
14 0 4 10 1 15 11 5 2 6 8 12 3 7 9 13
14 0 10 4 15 1 11 5 6 2 8 12 3 7 13 9
14 0 10 4 15 1 11 5 2 6 12 8 7 3 9 13
14 0 10 4 1 15 5 11 6 2 8 12 7 3 9 13
14 0 10 4 1 15 5 11 2 6 12 8 3 7 13 9
0 14 10 4 1 15 11 5 8 12 2 6 13 9 7 3
0 14 10 4 1 15 11 5 12 8 6 2 9 13 3 7
0 14 10 4 15 1 5 11 8 12 2 6 9 13 3 7
0 14 10 4 15 1 5 11 12 8 6 2 13 9 7 3
0 14 4 10 1 15 5 11 12 8 2 6 9 13 7 3
0 14 4 10 1 15 5 11 8 12 6 2 13 9 3 7
0 14 4 10 15 1 11 5 12 8 2 6 13 9 3 7
0 14 4 10 15 1 11 5 8 12 6 2 9 13 7 3
14 0 4 10 15 1 5 11 12 8 6 2 9 13 3 7
14 0 4 10 15 1 5 11 8 12 2 6 13 9 7 3
14 0 4 10 1 15 11 5 12 8 6 2 13 9 7 3
14 0 4 10 1 15 11 5 8 12 2 6 9 13 3 7
14 0 10 4 15 1 11 5 8 12 6 2 13 9 3 7
14 0 10 4 15 1 11 5 12 8 2 6 9 13 7 3
14 0 10 4 1 15 5 11 8 12 6 2 9 13 7 3
14 0 10 4 1 15 5 11 12 8 2 6 13 9 3 7
0 14 10 4 11 5 1 15 2 6 8 12 13 9 7 3
0 14 10 4 11 5 1 15 6 2 12 8 9 13 3 7
0 14 10 4 5 11 15 1 2 6 8 12 9 13 3 7
0 14 10 4 5 11 15 1 6 2 12 8 13 9 7 3
0 14 4 10 5 11 1 15 2 6 12 8 9 13 7 3
0 14 4 10 5 11 1 15 6 2 8 12 13 9 3 7
0 14 4 10 11 5 15 1 2 6 12 8 13 9 3 7
0 14 4 10 11 5 15 1 6 2 8 12 9 13 7 3
14 0 4 10 5 11 15 1 6 2 12 8 9 13 3 7
14 0 4 10 5 11 15 1 2 6 8 12 13 9 7 3
14 0 4 10 11 5 1 15 6 2 12 8 13 9 7 3
14 0 4 10 11 5 1 15 2 6 8 12 9 13 3 7
14 0 10 4 11 5 15 1 6 2 8 12 13 9 3 7
14 0 10 4 11 5 15 1 2 6 12 8 9 13 7 3
14 0 10 4 5 11 1 15 6 2 8 12 9 13 7 3
14 0 10 4 5 11 1 15 2 6 12 8 13 9 3 7
0 14 10 4 11 5 1 15 8 12 2 6 7 3 13 9
0 14 10 4 11 5 1 15 12 8 6 2 3 7 9 13
0 14 10 4 5 11 15 1 8 12 2 6 3 7 9 13
0 14 10 4 5 11 15 1 12 8 6 2 7 3 13 9
0 14 4 10 5 11 1 15 12 8 2 6 7 3 9 13
0 14 4 10 5 11 1 15 8 12 6 2 3 7 13 9
0 14 4 10 11 5 15 1 12 8 2 6 3 7 13 9
0 14 4 10 11 5 15 1 8 12 6 2 7 3 9 13
14 0 4 10 5 11 15 1 12 8 6 2 3 7 9 13
14 0 4 10 5 11 15 1 8 12 2 6 7 3 13 9
14 0 4 10 11 5 1 15 12 8 6 2 7 3 13 9
14 0 4 10 11 5 1 15 8 12 2 6 3 7 9 13
14 0 10 4 11 5 15 1 8 12 6 2 3 7 13 9
14 0 10 4 11 5 15 1 12 8 2 6 7 3 9 13
14 0 10 4 5 11 1 15 8 12 6 2 7 3 9 13
14 0 10 4 5 11 1 15 12 8 2 6 3 7 13 9
0 10 14 4 1 11 15 5 2 8 6 12 7 13 3 9
0 10 14 4 1 11 15 5 8 2 12 6 13 7 9 3
0 10 14 4 11 1 5 15 2 8 6 12 13 7 9 3
0 10 14 4 11 1 5 15 8 2 12 6 7 13 3 9
0 10 4 14 1 11 5 15 2 8 12 6 7 13 9 3
0 10 4 14 1 11 5 15 8 2 6 12 13 7 3 9
0 10 4 14 11 1 15 5 2 8 12 6 13 7 3 9
0 10 4 14 11 1 15 5 8 2 6 12 7 13 9 3
10 0 4 14 11 1 5 15 8 2 12 6 13 7 9 3
10 0 4 14 11 1 5 15 2 8 6 12 7 13 3 9
10 0 4 14 1 11 15 5 8 2 12 6 7 13 3 9
10 0 4 14 1 11 15 5 2 8 6 12 13 7 9 3
10 0 14 4 11 1 15 5 8 2 6 12 13 7 3 9
10 0 14 4 11 1 15 5 2 8 12 6 7 13 9 3
10 0 14 4 1 11 5 15 8 2 6 12 7 13 9 3
10 0 14 4 1 11 5 15 2 8 12 6 13 7 3 9
0 10 14 4 1 11 15 5 6 12 2 8 3 9 7 13
0 10 14 4 1 11 15 5 12 6 8 2 9 3 13 7
0 10 14 4 11 1 5 15 6 12 2 8 9 3 13 7
0 10 14 4 11 1 5 15 12 6 8 2 3 9 7 13
0 10 4 14 1 11 5 15 12 6 2 8 9 3 7 13
0 10 4 14 1 11 5 15 6 12 8 2 3 9 13 7
0 10 4 14 11 1 15 5 12 6 2 8 3 9 13 7
0 10 4 14 11 1 15 5 6 12 8 2 9 3 7 13
10 0 4 14 11 1 5 15 12 6 8 2 9 3 13 7
10 0 4 14 11 1 5 15 6 12 2 8 3 9 7 13
10 0 4 14 1 11 15 5 12 6 8 2 3 9 7 13
10 0 4 14 1 11 15 5 6 12 2 8 9 3 13 7
10 0 14 4 11 1 15 5 6 12 8 2 3 9 13 7
10 0 14 4 11 1 15 5 12 6 2 8 9 3 7 13
10 0 14 4 1 11 5 15 6 12 8 2 9 3 7 13
10 0 14 4 1 11 5 15 12 6 2 8 3 9 13 7
0 10 14 4 15 5 1 11 2 8 6 12 3 9 7 13
0 10 14 4 15 5 1 11 8 2 12 6 9 3 13 7
0 10 14 4 5 15 11 1 2 8 6 12 9 3 13 7
0 10 14 4 5 15 11 1 8 2 12 6 3 9 7 13
0 10 4 14 5 15 1 11 2 8 12 6 9 3 7 13
0 10 4 14 5 15 1 11 8 2 6 12 3 9 13 7
0 10 4 14 15 5 11 1 2 8 12 6 3 9 13 7
0 10 4 14 15 5 11 1 8 2 6 12 9 3 7 13
10 0 4 14 5 15 11 1 8 2 12 6 9 3 13 7
10 0 4 14 5 15 11 1 2 8 6 12 3 9 7 13
10 0 4 14 15 5 1 11 8 2 12 6 3 9 7 13
10 0 4 14 15 5 1 11 2 8 6 12 9 3 13 7
10 0 14 4 15 5 11 1 8 2 6 12 3 9 13 7
10 0 14 4 15 5 11 1 2 8 12 6 9 3 7 13
10 0 14 4 5 15 1 11 8 2 6 12 9 3 7 13
10 0 14 4 5 15 1 11 2 8 12 6 3 9 13 7
0 10 14 4 15 5 1 11 6 12 2 8 7 13 3 9
0 10 14 4 15 5 1 11 12 6 8 2 13 7 9 3
0 10 14 4 5 15 11 1 6 12 2 8 13 7 9 3
0 10 14 4 5 15 11 1 12 6 8 2 7 13 3 9
0 10 4 14 5 15 1 11 12 6 2 8 7 13 9 3
0 10 4 14 5 15 1 11 6 12 8 2 13 7 3 9
0 10 4 14 15 5 11 1 12 6 2 8 13 7 3 9
0 10 4 14 15 5 11 1 6 12 8 2 7 13 9 3
10 0 4 14 5 15 11 1 12 6 8 2 13 7 9 3
10 0 4 14 5 15 11 1 6 12 2 8 7 13 3 9
10 0 4 14 15 5 1 11 12 6 8 2 7 13 3 9
10 0 4 14 15 5 1 11 6 12 2 8 13 7 9 3
10 0 14 4 15 5 11 1 6 12 8 2 13 7 3 9
10 0 14 4 15 5 11 1 12 6 2 8 7 13 9 3
10 0 14 4 5 15 1 11 6 12 8 2 7 13 9 3
10 0 14 4 5 15 1 11 12 6 2 8 13 7 3 9
0 4 14 10 1 5 15 11 2 12 8 6 9 7 3 13
0 4 14 10 1 5 15 11 12 2 6 8 7 9 13 3
0 4 14 10 5 1 11 15 2 12 8 6 7 9 13 3
0 4 14 10 5 1 11 15 12 2 6 8 9 7 3 13
0 4 14 10 1 5 15 11 2 12 6 8 7 9 3 13
0 4 14 10 1 5 15 11 12 2 8 6 9 7 13 3
0 4 14 10 5 1 11 15 2 12 6 8 9 7 13 3
0 4 14 10 5 1 11 15 12 2 8 6 7 9 3 13
0 4 10 14 1 5 11 15 2 12 8 6 7 9 13 3
0 4 10 14 1 5 11 15 12 2 6 8 9 7 3 13
0 4 10 14 5 1 15 11 2 12 8 6 9 7 3 13
0 4 10 14 5 1 15 11 12 2 6 8 7 9 13 3
0 4 10 14 1 5 11 15 2 12 6 8 9 7 13 3
0 4 10 14 1 5 11 15 12 2 8 6 7 9 3 13
0 4 10 14 5 1 15 11 2 12 6 8 7 9 3 13
0 4 10 14 5 1 15 11 12 2 8 6 9 7 13 3
4 0 10 14 5 1 11 15 12 2 6 8 7 9 13 3
4 0 10 14 5 1 11 15 2 12 8 6 9 7 3 13
4 0 10 14 1 5 15 11 12 2 6 8 9 7 3 13
4 0 10 14 1 5 15 11 2 12 8 6 7 9 13 3
4 0 10 14 5 1 11 15 12 2 8 6 9 7 13 3
4 0 10 14 5 1 11 15 2 12 6 8 7 9 3 13
4 0 10 14 1 5 15 11 12 2 8 6 7 9 3 13
4 0 10 14 1 5 15 11 2 12 6 8 9 7 13 3
4 0 14 10 5 1 15 11 12 2 6 8 9 7 3 13
4 0 14 10 5 1 15 11 2 12 8 6 7 9 13 3
4 0 14 10 1 5 11 15 12 2 6 8 7 9 13 3
4 0 14 10 1 5 11 15 2 12 8 6 9 7 3 13
4 0 14 10 5 1 15 11 12 2 8 6 7 9 3 13
4 0 14 10 5 1 15 11 2 12 6 8 9 7 13 3
4 0 14 10 1 5 11 15 12 2 8 6 9 7 13 3
4 0 14 10 1 5 11 15 2 12 6 8 7 9 3 13
0 4 14 10 1 5 15 11 8 6 2 12 3 13 9 7
0 4 14 10 1 5 15 11 6 8 12 2 13 3 7 9
0 4 14 10 5 1 11 15 8 6 2 12 13 3 7 9
0 4 14 10 5 1 11 15 6 8 12 2 3 13 9 7
0 4 14 10 1 5 15 11 6 8 2 12 3 13 7 9
0 4 14 10 1 5 15 11 8 6 12 2 13 3 9 7
0 4 14 10 5 1 11 15 6 8 2 12 13 3 9 7
0 4 14 10 5 1 11 15 8 6 12 2 3 13 7 9
0 4 10 14 1 5 11 15 8 6 2 12 13 3 7 9
0 4 10 14 1 5 11 15 6 8 12 2 3 13 9 7
0 4 10 14 5 1 15 11 8 6 2 12 3 13 9 7
0 4 10 14 5 1 15 11 6 8 12 2 13 3 7 9
0 4 10 14 1 5 11 15 6 8 2 12 13 3 9 7
0 4 10 14 1 5 11 15 8 6 12 2 3 13 7 9
0 4 10 14 5 1 15 11 6 8 2 12 3 13 7 9
0 4 10 14 5 1 15 11 8 6 12 2 13 3 9 7
4 0 10 14 5 1 11 15 6 8 12 2 13 3 7 9
4 0 10 14 5 1 11 15 8 6 2 12 3 13 9 7
4 0 10 14 1 5 15 11 6 8 12 2 3 13 9 7
4 0 10 14 1 5 15 11 8 6 2 12 13 3 7 9
4 0 10 14 5 1 11 15 8 6 12 2 13 3 9 7
4 0 10 14 5 1 11 15 6 8 2 12 3 13 7 9
4 0 10 14 1 5 15 11 8 6 12 2 3 13 7 9
4 0 10 14 1 5 15 11 6 8 2 12 13 3 9 7
4 0 14 10 5 1 15 11 6 8 12 2 3 13 9 7
4 0 14 10 5 1 15 11 8 6 2 12 13 3 7 9
4 0 14 10 1 5 11 15 6 8 12 2 13 3 7 9
4 0 14 10 1 5 11 15 8 6 2 12 3 13 9 7
4 0 14 10 5 1 15 11 8 6 12 2 3 13 7 9
4 0 14 10 5 1 15 11 6 8 2 12 13 3 9 7
4 0 14 10 1 5 11 15 8 6 12 2 13 3 9 7
4 0 14 10 1 5 11 15 6 8 2 12 3 13 7 9
0 4 14 10 15 11 1 5 2 12 8 6 3 13 9 7
0 4 14 10 15 11 1 5 12 2 6 8 13 3 7 9
0 4 14 10 11 15 5 1 2 12 8 6 13 3 7 9
0 4 14 10 11 15 5 1 12 2 6 8 3 13 9 7
0 4 14 10 15 11 1 5 2 12 6 8 3 13 7 9
0 4 14 10 15 11 1 5 12 2 8 6 13 3 9 7
0 4 14 10 11 15 5 1 2 12 6 8 13 3 9 7
0 4 14 10 11 15 5 1 12 2 8 6 3 13 7 9
0 4 10 14 11 15 1 5 2 12 8 6 13 3 7 9
0 4 10 14 11 15 1 5 12 2 6 8 3 13 9 7
0 4 10 14 15 11 5 1 2 12 8 6 3 13 9 7
0 4 10 14 15 11 5 1 12 2 6 8 13 3 7 9
0 4 10 14 11 15 1 5 2 12 6 8 13 3 9 7
0 4 10 14 11 15 1 5 12 2 8 6 3 13 7 9
0 4 10 14 15 11 5 1 2 12 6 8 3 13 7 9
0 4 10 14 15 11 5 1 12 2 8 6 13 3 9 7
4 0 10 14 11 15 5 1 12 2 6 8 13 3 7 9
4 0 10 14 11 15 5 1 2 12 8 6 3 13 9 7
4 0 10 14 15 11 1 5 12 2 6 8 3 13 9 7
4 0 10 14 15 11 1 5 2 12 8 6 13 3 7 9
4 0 10 14 11 15 5 1 12 2 8 6 13 3 9 7
4 0 10 14 11 15 5 1 2 12 6 8 3 13 7 9
4 0 10 14 15 11 1 5 12 2 8 6 3 13 7 9
4 0 10 14 15 11 1 5 2 12 6 8 13 3 9 7
4 0 14 10 15 11 5 1 12 2 6 8 3 13 9 7
4 0 14 10 15 11 5 1 2 12 8 6 13 3 7 9
4 0 14 10 11 15 1 5 12 2 6 8 13 3 7 9
4 0 14 10 11 15 1 5 2 12 8 6 3 13 9 7
4 0 14 10 15 11 5 1 12 2 8 6 3 13 7 9
4 0 14 10 15 11 5 1 2 12 6 8 13 3 9 7
4 0 14 10 11 15 1 5 12 2 8 6 13 3 9 7
4 0 14 10 11 15 1 5 2 12 6 8 3 13 7 9
0 4 14 10 15 11 1 5 8 6 2 12 9 7 3 13
0 4 14 10 15 11 1 5 6 8 12 2 7 9 13 3
0 4 14 10 11 15 5 1 8 6 2 12 7 9 13 3
0 4 14 10 11 15 5 1 6 8 12 2 9 7 3 13
0 4 14 10 15 11 1 5 6 8 2 12 7 9 3 13
0 4 14 10 15 11 1 5 8 6 12 2 9 7 13 3
0 4 14 10 11 15 5 1 6 8 2 12 9 7 13 3
0 4 14 10 11 15 5 1 8 6 12 2 7 9 3 13
0 4 10 14 11 15 1 5 8 6 2 12 7 9 13 3
0 4 10 14 11 15 1 5 6 8 12 2 9 7 3 13
0 4 10 14 15 11 5 1 8 6 2 12 9 7 3 13
0 4 10 14 15 11 5 1 6 8 12 2 7 9 13 3
0 4 10 14 11 15 1 5 6 8 2 12 9 7 13 3
0 4 10 14 11 15 1 5 8 6 12 2 7 9 3 13
0 4 10 14 15 11 5 1 6 8 2 12 7 9 3 13
0 4 10 14 15 11 5 1 8 6 12 2 9 7 13 3
4 0 10 14 11 15 5 1 6 8 12 2 7 9 13 3
4 0 10 14 11 15 5 1 8 6 2 12 9 7 3 13
4 0 10 14 15 11 1 5 6 8 12 2 9 7 3 13
4 0 10 14 15 11 1 5 8 6 2 12 7 9 13 3
4 0 10 14 11 15 5 1 8 6 12 2 9 7 13 3
4 0 10 14 11 15 5 1 6 8 2 12 7 9 3 13
4 0 10 14 15 11 1 5 8 6 12 2 7 9 3 13
4 0 10 14 15 11 1 5 6 8 2 12 9 7 13 3
4 0 14 10 15 11 5 1 6 8 12 2 9 7 3 13
4 0 14 10 15 11 5 1 8 6 2 12 7 9 13 3
4 0 14 10 11 15 1 5 6 8 12 2 7 9 13 3
4 0 14 10 11 15 1 5 8 6 2 12 9 7 3 13
4 0 14 10 15 11 5 1 8 6 12 2 7 9 3 13
4 0 14 10 15 11 5 1 6 8 2 12 9 7 13 3
4 0 14 10 11 15 1 5 8 6 12 2 9 7 13 3
4 0 14 10 11 15 1 5 6 8 2 12 7 9 3 13
0 10 14 4 1 11 15 5 2 6 8 12 9 13 3 7
0 10 14 4 1 11 15 5 6 2 12 8 13 9 7 3
0 10 14 4 11 1 5 15 2 6 8 12 13 9 7 3
0 10 14 4 11 1 5 15 6 2 12 8 9 13 3 7
0 10 4 14 1 11 5 15 2 6 12 8 9 13 7 3
0 10 4 14 1 11 5 15 6 2 8 12 13 9 3 7
0 10 4 14 11 1 15 5 2 6 12 8 13 9 3 7
0 10 4 14 11 1 15 5 6 2 8 12 9 13 7 3
10 0 4 14 11 1 5 15 6 2 12 8 13 9 7 3
10 0 4 14 11 1 5 15 2 6 8 12 9 13 3 7
10 0 4 14 1 11 15 5 6 2 12 8 9 13 3 7
10 0 4 14 1 11 15 5 2 6 8 12 13 9 7 3
10 0 14 4 11 1 15 5 6 2 8 12 13 9 3 7
10 0 14 4 11 1 15 5 2 6 12 8 9 13 7 3
10 0 14 4 1 11 5 15 6 2 8 12 9 13 7 3
10 0 14 4 1 11 5 15 2 6 12 8 13 9 3 7
0 10 14 4 1 11 15 5 8 12 2 6 3 7 9 13
0 10 14 4 1 11 15 5 12 8 6 2 7 3 13 9
0 10 14 4 11 1 5 15 8 12 2 6 7 3 13 9
0 10 14 4 11 1 5 15 12 8 6 2 3 7 9 13
0 10 4 14 1 11 5 15 12 8 2 6 7 3 9 13
0 10 4 14 1 11 5 15 8 12 6 2 3 7 13 9
0 10 4 14 11 1 15 5 12 8 2 6 3 7 13 9
0 10 4 14 11 1 15 5 8 12 6 2 7 3 9 13
10 0 4 14 11 1 5 15 12 8 6 2 7 3 13 9
10 0 4 14 11 1 5 15 8 12 2 6 3 7 9 13
10 0 4 14 1 11 15 5 12 8 6 2 3 7 9 13
10 0 4 14 1 11 15 5 8 12 2 6 7 3 13 9
10 0 14 4 11 1 15 5 8 12 6 2 3 7 13 9
10 0 14 4 11 1 15 5 12 8 2 6 7 3 9 13
10 0 14 4 1 11 5 15 8 12 6 2 7 3 9 13
10 0 14 4 1 11 5 15 12 8 2 6 3 7 13 9
0 10 14 4 15 5 1 11 2 6 8 12 3 7 9 13
0 10 14 4 15 5 1 11 6 2 12 8 7 3 13 9
0 10 14 4 5 15 11 1 2 6 8 12 7 3 13 9
0 10 14 4 5 15 11 1 6 2 12 8 3 7 9 13
0 10 4 14 5 15 1 11 2 6 12 8 7 3 9 13
0 10 4 14 5 15 1 11 6 2 8 12 3 7 13 9
0 10 4 14 15 5 11 1 2 6 12 8 3 7 13 9
0 10 4 14 15 5 11 1 6 2 8 12 7 3 9 13
10 0 4 14 5 15 11 1 6 2 12 8 7 3 13 9
10 0 4 14 5 15 11 1 2 6 8 12 3 7 9 13
10 0 4 14 15 5 1 11 6 2 12 8 3 7 9 13
10 0 4 14 15 5 1 11 2 6 8 12 7 3 13 9
10 0 14 4 15 5 11 1 6 2 8 12 3 7 13 9
10 0 14 4 15 5 11 1 2 6 12 8 7 3 9 13
10 0 14 4 5 15 1 11 6 2 8 12 7 3 9 13
10 0 14 4 5 15 1 11 2 6 12 8 3 7 13 9
0 10 14 4 15 5 1 11 8 12 2 6 9 13 3 7
0 10 14 4 15 5 1 11 12 8 6 2 13 9 7 3
0 10 14 4 5 15 11 1 8 12 2 6 13 9 7 3
0 10 14 4 5 15 11 1 12 8 6 2 9 13 3 7
0 10 4 14 5 15 1 11 12 8 2 6 9 13 7 3
0 10 4 14 5 15 1 11 8 12 6 2 13 9 3 7
0 10 4 14 15 5 11 1 12 8 2 6 13 9 3 7
0 10 4 14 15 5 11 1 8 12 6 2 9 13 7 3
10 0 4 14 5 15 11 1 12 8 6 2 13 9 7 3
10 0 4 14 5 15 11 1 8 12 2 6 9 13 3 7
10 0 4 14 15 5 1 11 12 8 6 2 9 13 3 7
10 0 4 14 15 5 1 11 8 12 2 6 13 9 7 3
10 0 14 4 15 5 11 1 8 12 6 2 13 9 3 7
10 0 14 4 15 5 11 1 12 8 2 6 9 13 7 3
10 0 14 4 5 15 1 11 8 12 6 2 9 13 7 3
10 0 14 4 5 15 1 11 12 8 2 6 13 9 3 7
4 10 0 14 5 11 1 15 12 6 2 8 7 13 9 3
4 10 0 14 5 11 1 15 6 12 8 2 13 7 3 9
4 10 0 14 11 5 15 1 12 6 2 8 13 7 3 9
4 10 0 14 11 5 15 1 6 12 8 2 7 13 9 3
10 4 0 14 11 5 1 15 6 12 2 8 13 7 9 3
10 4 0 14 11 5 1 15 12 6 8 2 7 13 3 9
10 4 0 14 5 11 15 1 6 12 2 8 7 13 3 9
10 4 0 14 5 11 15 1 12 6 8 2 13 7 9 3
10 4 14 0 11 5 15 1 6 12 8 2 13 7 3 9
10 4 14 0 11 5 15 1 12 6 2 8 7 13 9 3
10 4 14 0 5 11 1 15 6 12 8 2 7 13 9 3
10 4 14 0 5 11 1 15 12 6 2 8 13 7 3 9
4 10 14 0 5 11 15 1 12 6 8 2 7 13 3 9
4 10 14 0 5 11 15 1 6 12 2 8 13 7 9 3
4 10 14 0 11 5 1 15 12 6 8 2 13 7 9 3
4 10 14 0 11 5 1 15 6 12 2 8 7 13 3 9
4 10 0 14 5 11 1 15 2 8 12 6 9 3 7 13
4 10 0 14 5 11 1 15 8 2 6 12 3 9 13 7
4 10 0 14 11 5 15 1 2 8 12 6 3 9 13 7
4 10 0 14 11 5 15 1 8 2 6 12 9 3 7 13
10 4 0 14 11 5 1 15 2 8 6 12 9 3 13 7
10 4 0 14 11 5 1 15 8 2 12 6 3 9 7 13
10 4 0 14 5 11 15 1 2 8 6 12 3 9 7 13
10 4 0 14 5 11 15 1 8 2 12 6 9 3 13 7
10 4 14 0 11 5 15 1 8 2 6 12 3 9 13 7
10 4 14 0 11 5 15 1 2 8 12 6 9 3 7 13
10 4 14 0 5 11 1 15 8 2 6 12 9 3 7 13
10 4 14 0 5 11 1 15 2 8 12 6 3 9 13 7
4 10 14 0 5 11 15 1 8 2 12 6 3 9 7 13
4 10 14 0 5 11 15 1 2 8 6 12 9 3 13 7
4 10 14 0 11 5 1 15 8 2 12 6 9 3 13 7
4 10 14 0 11 5 1 15 2 8 6 12 3 9 7 13
4 10 0 14 1 15 5 11 12 6 2 8 9 3 7 13
4 10 0 14 1 15 5 11 6 12 8 2 3 9 13 7
4 10 0 14 15 1 11 5 12 6 2 8 3 9 13 7
4 10 0 14 15 1 11 5 6 12 8 2 9 3 7 13
10 4 0 14 1 15 11 5 6 12 2 8 9 3 13 7
10 4 0 14 1 15 11 5 12 6 8 2 3 9 7 13
10 4 0 14 15 1 5 11 6 12 2 8 3 9 7 13
10 4 0 14 15 1 5 11 12 6 8 2 9 3 13 7
10 4 14 0 15 1 11 5 6 12 8 2 3 9 13 7
10 4 14 0 15 1 11 5 12 6 2 8 9 3 7 13
10 4 14 0 1 15 5 11 6 12 8 2 9 3 7 13
10 4 14 0 1 15 5 11 12 6 2 8 3 9 13 7
4 10 14 0 15 1 5 11 12 6 8 2 3 9 7 13
4 10 14 0 15 1 5 11 6 12 2 8 9 3 13 7
4 10 14 0 1 15 11 5 12 6 8 2 9 3 13 7
4 10 14 0 1 15 11 5 6 12 2 8 3 9 7 13
4 10 0 14 1 15 5 11 2 8 12 6 7 13 9 3
4 10 0 14 1 15 5 11 8 2 6 12 13 7 3 9
4 10 0 14 15 1 11 5 2 8 12 6 13 7 3 9
4 10 0 14 15 1 11 5 8 2 6 12 7 13 9 3
10 4 0 14 1 15 11 5 2 8 6 12 13 7 9 3
10 4 0 14 1 15 11 5 8 2 12 6 7 13 3 9
10 4 0 14 15 1 5 11 2 8 6 12 7 13 3 9
10 4 0 14 15 1 5 11 8 2 12 6 13 7 9 3
10 4 14 0 15 1 11 5 8 2 6 12 13 7 3 9
10 4 14 0 15 1 11 5 2 8 12 6 7 13 9 3
10 4 14 0 1 15 5 11 8 2 6 12 7 13 9 3
10 4 14 0 1 15 5 11 2 8 12 6 13 7 3 9
4 10 14 0 15 1 5 11 8 2 12 6 7 13 3 9
4 10 14 0 15 1 5 11 2 8 6 12 13 7 9 3
4 10 14 0 1 15 11 5 8 2 12 6 13 7 9 3
4 10 14 0 1 15 11 5 2 8 6 12 7 13 3 9
10 4 0 14 11 5 1 15 8 12 2 6 13 9 7 3
10 4 0 14 11 5 1 15 12 8 6 2 9 13 3 7
10 4 0 14 5 11 15 1 8 12 2 6 9 13 3 7
10 4 0 14 5 11 15 1 12 8 6 2 13 9 7 3
4 10 0 14 5 11 1 15 12 8 2 6 9 13 7 3
4 10 0 14 5 11 1 15 8 12 6 2 13 9 3 7
4 10 0 14 11 5 15 1 12 8 2 6 13 9 3 7
4 10 0 14 11 5 15 1 8 12 6 2 9 13 7 3
4 10 14 0 5 11 15 1 12 8 6 2 9 13 3 7
4 10 14 0 5 11 15 1 8 12 2 6 13 9 7 3
4 10 14 0 11 5 1 15 12 8 6 2 13 9 7 3
4 10 14 0 11 5 1 15 8 12 2 6 9 13 3 7
10 4 14 0 11 5 15 1 8 12 6 2 13 9 3 7
10 4 14 0 11 5 15 1 12 8 2 6 9 13 7 3
10 4 14 0 5 11 1 15 8 12 6 2 9 13 7 3
10 4 14 0 5 11 1 15 12 8 2 6 13 9 3 7
10 4 0 14 11 5 1 15 2 6 8 12 7 3 13 9
10 4 0 14 11 5 1 15 6 2 12 8 3 7 9 13
10 4 0 14 5 11 15 1 2 6 8 12 3 7 9 13
10 4 0 14 5 11 15 1 6 2 12 8 7 3 13 9
4 10 0 14 5 11 1 15 2 6 12 8 7 3 9 13
4 10 0 14 5 11 1 15 6 2 8 12 3 7 13 9
4 10 0 14 11 5 15 1 2 6 12 8 3 7 13 9
4 10 0 14 11 5 15 1 6 2 8 12 7 3 9 13
4 10 14 0 5 11 15 1 6 2 12 8 3 7 9 13
4 10 14 0 5 11 15 1 2 6 8 12 7 3 13 9
4 10 14 0 11 5 1 15 6 2 12 8 7 3 13 9
4 10 14 0 11 5 1 15 2 6 8 12 3 7 9 13
10 4 14 0 11 5 15 1 6 2 8 12 3 7 13 9
10 4 14 0 11 5 15 1 2 6 12 8 7 3 9 13
10 4 14 0 5 11 1 15 6 2 8 12 7 3 9 13
10 4 14 0 5 11 1 15 2 6 12 8 3 7 13 9
10 4 0 14 1 15 11 5 8 12 2 6 7 3 13 9
10 4 0 14 1 15 11 5 12 8 6 2 3 7 9 13
10 4 0 14 15 1 5 11 8 12 2 6 3 7 9 13
10 4 0 14 15 1 5 11 12 8 6 2 7 3 13 9
4 10 0 14 1 15 5 11 12 8 2 6 7 3 9 13
4 10 0 14 1 15 5 11 8 12 6 2 3 7 13 9
4 10 0 14 15 1 11 5 12 8 2 6 3 7 13 9
4 10 0 14 15 1 11 5 8 12 6 2 7 3 9 13
4 10 14 0 15 1 5 11 12 8 6 2 3 7 9 13
4 10 14 0 15 1 5 11 8 12 2 6 7 3 13 9
4 10 14 0 1 15 11 5 12 8 6 2 7 3 13 9
4 10 14 0 1 15 11 5 8 12 2 6 3 7 9 13
10 4 14 0 15 1 11 5 8 12 6 2 3 7 13 9
10 4 14 0 15 1 11 5 12 8 2 6 7 3 9 13
10 4 14 0 1 15 5 11 8 12 6 2 7 3 9 13
10 4 14 0 1 15 5 11 12 8 2 6 3 7 13 9